1. -888209286
2. 198181165
3. -117571063
4. -2118254056
5. 514720473
6. -1192885497
7. 662242066
8. 1723269933
9. -413662282
10. 1136264320
11. -339999587
12. -2127493953
13. 765789382
14. 1504445802
15. -673905030
16. 431294100
17. -130742522
18. 451676082
19. 697763873
20. 1688799287
21. 344852790
22. 933825031
23. -1743320328
24. 2064583457
25. -2014639169
26. -106492795
27. -1361638263
28. -1855386239
29. 745999782
30. -881914431
31. 1407651571
32. 636817215
33. 924979264
34. -1856022521
35. 2121160730
36. 56562009
37. -914991069
38. 1704857987
39. 1939626064
40. -2102306724
41. 366350841
42. -703178613
43. -1144825660
44. 338236052
45. -1992158531
46. 1716523710
47. -503359065
48. 1025643444
49. 632624195
50. 686250802
51. -746515094
52. 821255111
53. 1822430824
54. -1582474138
55. 402396864
56. 1000740726
57. 991780070
58. 2144624015
59. -560523291
60. 935288403
61. -1212213169
62. 960501997
63. 219224509
64. 2128353737
65. -1406264844
66. -429891372
67. -1782768874
68. 900030866
69. -58450867
70. 614276301
71. 1926914760
72. 348724578
73. 251142117
74. 667903561
75. -1679548310
76. 1884055278
77. 597124880
78. 2072256768
79. 1582196539
80. -1719179243
81. -2122308920
82. -365991522
83. -1716622857
84. -244880819
85. 1924146075
86. 1653285815
87. 815688358
88. 803170994
89. 1308173333
90. -1274403808
91. 2131895379
92. -1974768686
93. -450550476
94. -2065732462
95. 77473184
96. 733899991
97. -1882904996
98. 1728652937
99. -643666578
100. -1388221055
101. 573122271
102. -292477174
103. 910061115
104. 416837213
105. -1548063130
106. -1915869313
107. 1753229314
108. -911970381
109. -1629935116
110. -1338019725
111. -250777393
112. 1761702199
113. -1067814600
114. 55472502
115. -139562596
116. -1023923222
117. -514100745
118. 1493773465
119. 620130895
120. 1083649443
121. 2013098681
122. 1936552741
123. 1661677234
124. 239480532
125. -1515424879
126. -1820757085
127. -1965215729
128. 1378579418
129. 1096233037
130. -1203538885
131. -1842466470
132. 1343911070
133. 1163490655
134. -1864993435
135. 57946762
136. 829978520
137. -948292568
138. -235064089
139. -202999668
140. 1736079539
141. -874481425
142. 828978508
143. -1559874083
144. 210470
145. 262354515
146. 2088711774
147. -1133938228
148. -1392281122
149. -1346667899
150. 1378825977
151. -895976821
152. -2124138742
153. 784366378
154. 358972271
155. -1494713411
156. -1063438490
157. 1280015305
158. 838368210
159. 1600206992
160. -1640482518
161. -646349605
162. -682459935
163. 1276262777
164. 2007858431
165. -890471139
166. -741376672
167. 1389395307
168. 902904590
169. -79611032
170. -1763296393
171. 321665990
172. 1598717568
173. -948863305
174. 969375416
175. -1755694069
176. 665288451
177. -1509082012
178. 334642283
179. 907164860
180. -826786590
181. -1812972166
182. 309362800
183. 1850441894
184. -950518260
185. -1991229776
186. -759087433
187. -1067106579
188. 178225731
189. -478396623
190. 56049482
191. -1679785240
192. -1147191436
193. -1100464221
194. -2126626806
195. -220887892
196. -1916256107
197. -1351580266
198. 81888713
199. 1185694153
200. 182403559
201. -1968422421
202. 612319955
203. -514685097
204. -683309186
205. 1144293329
206. -527595505
207. 946767917
208. 2085766220
209. -1124645803
210. -1210432418
211. 1936344180
212. 1314931922
213. 1947371829
214. -986692305
215. 966083888
216. -1199207940
217. 1400277524
218. -580613535
219. 868387448
220. -1218802961
221. 1546160943
222. 1491093272
223. 580160506
224. -1572696947
225. -1095284737
226. -1712484990
227. 1329219727
228. -915894843
229. -732214986
230. -91451769
231. 1681410652
232. -429372830
233. 1238601516
234. -1807398295
235. 113134257
236. -1760277810
237. -2032431194
238. 1751486572
239. 548966542
240. -2120528767
241. -885699430
242. 1075662022
243. 27300215
244. 1462259032
245. 1588481526
246. 1248170710
247. -612610448
248. 834835214
249. -1776595174
250. 2026476464
251. -2071441247
252. 844010592
253. 141775141
254. -750611171
255. -325758519
256. 2040173960
257. 1955090947
258. 1511101848
259. 2013697540
260. 1772638973
261. 1095865904
262. 355440213
263. -1850501474
264. -1576512627
265. -251374520
266. -1510452092
267. 104224016
268. -743287512
269. 1416123699
270. -1982638766
271. 758863294
272. 446453312
273. 934106816
274. 1967430300
275. 8345432
276. 1237097606
277. -557933420
278. -1934189109
279. -1354784972
280. -1284071447
281. -343432994
282. 1374658841
283. 1539416513
284. 154706618
285. 831431517
286. -1911970959
287. 2114888655
288. 470787050
289. 1035183129
290. -352213790
291. -1653889755
292. 504866176
293. -226187750
294. 829204234
295. -426858592
296. -752572494
297. 136816739
298. 1207609590
299. -646796985
300. -1007572634
301. -1841976861
302. -649549290
303. 2108271173
304. -2105496725
305. -9720388
306. -1812878201
307. -259674366
308. 1050324275
309. -414011277
310. 1578414219
311. -1523339077
312. 1161081043
313. -748506838
314. -1577668019
315. -1669745744
316. -74402832
317. -1715817194
318. -1602570831
319. -502090069
320. 431798349
321. 1581496399
322. 1308277597
323. -756302728
324. -1466712470
325. 1533067119
326. 1139392902
327. 1896858104
328. 180994592
329. -1639791914
330. 158253791
331. 513131292
332. -1515928707
333. -2078096439
334. -1852652593
335. -237255587
336. -966736642
337. 1023788437
338. 1361823193
339. 404145821
340. -1763457371
341. 1817495522
342. 648923369
343. 1167706357
344. -737425100
345. 1223608696
346. 345491926
347. 1313262093
348. 1817037486
349. 763939566
350. 874892017
351. -959722752
352. -1887712500
353. -1053045898
354. -1516516418
355. -1246704569
356. -65352590
357. -649999207
358. 418565276
359. 617598110
360. -728707862
361. -879243806
362. -29962731
363. 1981009430
364. -1021194695
365. 1044565673
366. -1680355490
367. 1093914645
368. -855125670
369. 958910942
370. 892457475
371. 55890943
372. -1896295256
373. 831313324
374. -1293035921
375. 830003240
376. -443754441
377. 1723455773
378. 1199823151
379. 204986774
380. -756360759
381. -883762685
382. -1270359452
383. 2089605812
384. 792451792
385. -2061378836
386. 721541922
387. -1256137731
388. 860347517
389. 1534254267
390. 40754527
391. -238625203
392. -10363246
393. 1091231925
394. -1471487774
395. 1257496824
396. -491593410
397. 657711564
398. -844701160
399. 1796203093
400. 1670636401
401. 399565845
402. -93395631
403. 1538254242
404. 1689183691
405. 1433921398
406. -1831802998
407. -851974236
408. -2061047741
409. 1224796284
410. -178329434
411. -1209669293
412. -346428912
413. -1083643277
414. 1033104052
415. -2067402784
416. -1114509240
417. -1766133599
418. 1612771592
419. 1011937658
420. -1334644133
421. 559608494
422. 975893192
423. 1348203239
424. 826536755
425. 760869714
426. -1665010680
427. -379849675
428. -714279777
429. -1381763893
430. 1520432556
431. -1418922545
432. 1172960771
433. -2052458973
434. -1351027059
435. 505018388
436. 1425734039
437. 390920678
438. 998177393
439. -1590232453
440. 1543175030
441. -915145807
442. 899218383
443. -89195359
444. 647429443
445. -1419903558
446. -1104282069
447. -1584595113
448. 529399706
449. 1112914174
450. 1595547018
451. 1572800727
452. 1629786723
